tsunami_inondation/sample.asc
ncols        95
nrows        143
xllcorner    641244.883774926770
yllcorner    6867926.507405933924
cellsize     25.400072926284
NODATA_value -9999
[rows 84 to 104 of 143, columns 0 to 48 of 95]
-9999 -9999 -9999 -9999 -9999 -9999 -9999 -9999 -9999 -9999 -9999 -9999 -9999 -9999 -9999 -9999 -9999 -9999 -9999 -9999 1.2944927215576171875 1.1320171356201171875 0.9696197509765625 0.8072357177734375 0.7490253448486328125 0.753314971923828125 0.757595062255859375 0.761852264404296875 0.7244415283203125 0.56203460693359375 0.524623870849609375 0.528881072998046875 0.57480621337890625 0.7457275390625 0.791652679443359375 0.795909881591796875 0.800167083740234375 0.804424285888671875 0.7878742218017578125 0.70890045166015625 0.609096527099609375 0.36345672607421875 0.2636508941650390625 0.268009185791015625 0.4598712921142578125 0.9642429351806640625 1.3436336517333984375 1.681362152099609375 1.789920806884765625
-9999 -9999 -9999 -9999 -9999 -9999 -9999 -9999 -9999 -9999 -9999 -9999 -9999 -9999 -9999 -9999 -9999 -9999 -9999 1.413158416748046875 1.25060272216796875 1.08805084228515625 0.967311859130859375 0.804935455322265625 0.767547607421875 0.7718067169189453125 0.8177280426025390625 0.8219852447509765625 0.784576416015625 0.6221675872802734375 0.5639247894287109375 0.568180084228515625 0.572437286376953125 0.7433624267578125 0.7059535980224609375 0.710208892822265625 0.6936321258544921875 0.6978912353515625 0.6605472564697265625 0.5815753936767578125 0.4609375 0.215297698974609375 0.1779918670654296875 0.18235015869140625 0.395046234130859375 0.89940643310546875 1.2996273040771484375 1.6373538970947265625 1.745914459228515625
-9999 -9999 -9999 -9999 -9999 -9999 -9999 -9999 -9999 -9999 -9999 -9999 -9999 -9999 -9999 -9999 -9999 1.6108856201171875 1.490032196044921875 1.244182586669921875 1.0816650390625 1.0024776458740234375 0.881664276123046875 0.80258941650390625 0.765178680419921875 0.852771759033203125 0.8986949920654296875 0.986286163330078125 0.94887542724609375 0.8697986602783203125 0.8115558624267578125 0.8158130645751953125 0.8200702667236328125 0.65766143798828125 0.620250701904296875 0.457843780517578125 0.441265106201171875 0.52886199951171875 0.49155426025390625 0.3292522430419921875 0.20861053466796875 0.2129726409912109375 0.1756649017333984375 0.26335906982421875 0.4760532379150390625 0.73041534423828125 1.130615234375 1.6350078582763671875 1.7435703277587890625
-9999 -9999 -9999 -9999 -9999 -9999 -9999 -9999 -9999 -9999 -9999 -9999 -9999 -9999 -9999 1.704326629638671875 1.68764495849609375 1.6084575653076171875 1.5084400177001953125 1.262592315673828125 1.1209049224853515625 1.04172515869140625 0.94176483154296875 0.8627166748046875 0.887813568115234375 0.97540283203125 1.1046619415283203125 1.1922512054443359375 1.1756744384765625 1.096599578857421875 0.8925228118896484375 0.8967800140380859375 0.7135410308837890625 0.551128387451171875 0.492885589599609375 0.330474853515625 0.3972320556640625 0.4848690032958984375 0.51006317138671875 0.3477573394775390625 0.310451507568359375 0.31481170654296875 0.3400058746337890625 0.427700042724609375 0.5987262725830078125 0.85308837890625 1.1699504852294921875 1.6743316650390625 1.7620601654052734375
-9999 -9999 -9999 -9999 -9999 -9999 -9999 -9999 -9999 -9999 -9999 -9999 -9999 1.693603515625 1.69775390625 1.701900482177734375 1.68521881103515625 1.6893672943115234375 1.58934783935546875 1.5101642608642578125 1.3684864044189453125 1.20597076416015625 1.1060161590576171875 1.0269680023193359375 1.052089691162109375 1.223033905029296875 1.3522930145263671875 1.52321624755859375 1.506641387939453125 1.260898590087890625 1.0568218231201171875 0.5610809326171875 0.377838134765625 0.29875946044921875 0.2405185699462890625 0.411441802978515625 0.4782009124755859375 0.64920806884765625 0.674404144287109375 0.67876434326171875 0.641460418701171875 0.6458187103271484375 0.6710147857666015625 0.6753749847412109375 0.846401214599609375 1.1840972900390625 1.5009593963623046875 1.6719875335693359375 1.7597179412841796875
-9999 -9999 -9999 -9999 -9999 -9999 -9999 -9999 -9999 -9999 -9999 -9999 1.6870288848876953125 1.6911773681640625 1.695323944091796875 1.699474334716796875 1.703624725341796875 1.7077732086181640625 1.6910915374755859375 1.6119098663330078125 1.5327301025390625 1.3702182769775390625 1.291103363037109375 1.212055206298828125 1.2580089569091796875 1.4289646148681640625 1.5374164581298828125 1.7083492279052734375 1.65010833740234375 1.4043674468994140625 1.0336246490478515625 0.5378780364990234375 0.22963714599609375 0.1505603790283203125 0.154819488525390625 0.32574462890625 0.4966888427734375 0.66771697998046875 0.797077178955078125 0.8014392852783203125 0.8057994842529296875 0.8101596832275390625 0.8770198822021484375 0.881381988525390625 1.0732421875 1.4109363555908203125 1.6027965545654296875 1.77382659912109375 1.8615398406982421875
-9999 -9999 -9999 -9999 -9999 -9999 -9999 -9999 -9999 -9999 1.5929718017578125 1.5971202850341796875 1.6846027374267578125 1.688751220703125 1.692901611328125 1.697048187255859375 1.701198577880859375 1.705352783203125 1.688671112060546875 1.6928234100341796875 1.6136417388916015625 1.53446197509765625 1.455352783203125 1.4596405029296875 1.5055942535400390625 1.5932159423828125 1.70166778564453125 1.7059535980224609375 1.647739410400390625 1.485332489013671875 1.114589691162109375 0.535511016845703125 0.2272701263427734375 0.148193359375 0.1524524688720703125 0.156707763671875 0.32769775390625 0.6653900146484375 0.7947521209716796875 0.799114227294921875 0.8034725189208984375 0.807834625244140625 0.87469482421875 1.129055023193359375 1.3209171295166015625 1.4919452667236328125 1.683807373046875 1.7714977264404296875 1.8591938018798828125
-9999 -9999 -9999 -9999 -9999 -9999 -9999 -9999 -9999 1.398899078369140625 1.6113796234130859375 1.615528106689453125 1.661342620849609375 1.6654911041259765625 1.6488094329833984375 1.6529598236083984375 1.677944183349609375 1.682098388671875 1.727916717529296875 1.7320709228515625 1.715389251708984375 1.63620758056640625 1.5779361724853515625 1.582225799560546875 1.5448455810546875 1.6324672698974609375 1.615917205810546875 1.6202068328857421875 1.561992645263671875 1.3996124267578125 1.1955547332763671875 0.6164798736572265625 0.4332370758056640625 0.3541584014892578125 0.3167514801025390625 0.321010589599609375 0.3878726959228515625 0.7255649566650390625 0.813259124755859375 0.8176212310791015625 0.9261474609375 0.930507659912109375 1.101535797119140625 1.3558979034423828125 1.506092071533203125 1.677120208740234375 1.8273143768310546875 1.9150066375732421875 2.0652008056640625
-9999 -9999 -9999 -9999 -9999 -9999 -9999 -9999 0.8923206329345703125 1.1464710235595703125 1.358951568603515625 1.613101959228515625 1.658916473388671875 1.579730987548828125 1.5630512237548828125 1.567203521728515625 1.592189788818359375 1.6796779632568359375 1.725494384765625 1.812984466552734375 1.79630279541015625 1.717121124267578125 1.658855438232421875 1.5798091888427734375 1.5424289703369140625 1.3800525665283203125 1.36350250244140625 1.36779022216796875 1.30957794189453125 1.2305316925048828125 1.026485443115234375 1.0307750701904296875 0.8475341796875 0.768459320068359375 0.731048583984375 0.7353496551513671875 0.802211761474609375 0.723239898681640625 0.810932159423828125 0.89862823486328125 1.0071544647216796875 1.3448505401611328125 1.5158748626708984375 1.603572845458984375 1.753765106201171875 1.841461181640625 1.9916553497314453125 2.246013641357421875 2.3962078094482421875
-9999 -9999 -9999 -9999 -9999 -9999 -9999 0.5940799713134765625 0.8065624237060546875 1.0607089996337890625 1.231525421142578125 1.485675811767578125 1.593994140625 1.514812469482421875 1.539798736572265625 1.54395294189453125 1.48560333251953125 1.5730915069580078125 1.6189098358154296875 1.706394195556640625 1.77304840087890625 1.693866729736328125 1.5939426422119140625 1.514896392822265625 1.373348236083984375 1.2109699249267578125 1.1735897064208984375 1.177875518798828125 1.2446651458740234375 1.165618896484375 1.1699066162109375 1.1741886138916015625 1.09514617919921875 1.0160923004150390625 0.957851409912109375 0.962192535400390625 0.904052734375 0.82508087158203125 0.891941070556640625 0.9796352386474609375 1.2548274993896484375 1.592525482177734375 1.742717742919921875 1.830413818359375 1.9181060791015625 2.005802154541015625 2.2184925079345703125 2.4728546142578125 2.6230487823486328125
-9999 -9999 -9999 -9999 -9999 -9999 0.5875034332275390625 0.6749858856201171875 0.887470245361328125 1.058284759521484375 1.2291011810302734375 1.23325347900390625 1.341571807861328125 1.59572601318359375 1.6207103729248046875 1.541530609130859375 1.483184814453125 1.237339019775390625 1.283153533935546875 1.5373096466064453125 1.6039581298828125 1.6081142425537109375 1.5081920623779296875 1.262481689453125 1.12093353271484375 1.0418853759765625 1.00450897216796875 1.092128753662109375 1.158916473388671875 1.413204193115234375 1.417491912841796875 1.2551097869873046875 1.1760654449462890625 1.097015380859375 1.03879547119140625 0.9598484039306640625 0.9017276763916015625 0.82275390625 0.889614105224609375 1.2273082733154296875 1.50250244140625 1.840198516845703125 1.9903926849365234375 1.82808685302734375 1.9157810211181640625 2.253475189208984375 2.466167449951171875 2.637195587158203125 2.7873897552490234375
-9999 -9999 -9999 -9999 -9999 0.8101139068603515625 0.9184112548828125 1.0058917999267578125 1.0725421905517578125 1.243358612060546875 1.289180755615234375 1.293331146240234375 1.3599853515625 1.614139556884765625 1.6391239166259765625 1.55994415283203125 1.397430419921875 1.1515827178955078125 1.1349029541015625 1.3890552520751953125 1.518207550048828125 1.52236175537109375 1.4432773590087890625 1.1975612640380859375 1.056018829345703125 0.976970672607421875 0.981258392333984375 1.0688800811767578125 1.2189998626708984375 1.4732875823974609375 1.54007720947265625 1.377696990966796875 1.3194828033447265625 1.240406036376953125 1.22382354736328125 1.1448822021484375 1.149272918701171875 1.0703182220458984375 1.1580295562744140625 1.4957427978515625 1.6667919158935546875 2.0045013427734375 2.09221649169921875 1.929927825927734375 2.05928802490234375 2.39698028564453125 2.5680084228515625 2.73903656005859375 2.805896759033203125
-9999 -9999 -9999 -9999 0.9702739715576171875 1.3077182769775390625 1.415988922119140625 1.4201335906982421875 1.486785888671875 1.4909381866455078125 1.5367603302001953125 1.540912628173828125 1.6075649261474609375 1.61171722412109375 1.6367053985595703125 1.5575237274169921875 1.3950099945068359375 1.1491603851318359375 1.132480621337890625 1.3033008575439453125 1.4324550628662109375 1.519939422607421875 1.44086456298828125 1.27848052978515625 1.1369380950927734375 1.057888031005859375 1.062175750732421875 1.1497974395751953125 1.29991912841796875 1.4708709716796875 1.53765869140625 1.541934967041015625 1.4836883544921875 1.4879398345947265625 1.4713573455810546875 1.55907440185546875 1.5634632110595703125 1.6511898040771484375 1.7389087677001953125 1.7432880401611328125 1.914337158203125 1.9187164306640625 2.006427764892578125 2.1774749755859375 2.306854248046875 2.477901458740234375 2.648944854736328125 2.65332794189453125 2.7202053070068359375
-9999 -9999 -9999 1.1512699127197265625 1.217876434326171875 1.5553188323974609375 1.6427288055419921875 1.64685821533203125 1.6718654632568359375 1.6760196685791015625 1.7010021209716796875 1.705158233642578125 1.6884784698486328125 1.692630767822265625 1.655117034912109375 1.5759372711181640625 1.496753692626953125 1.25090789794921875 1.234226226806640625 1.4050464630126953125 1.4300327301025390625 1.5175189971923828125 1.45928192138671875 1.2968997955322265625 1.2595195770263671875 1.1804752349853515625 1.226428985595703125 1.3140506744384765625 1.40167236328125 1.57262420654296875 1.68105316162109375 1.6853046417236328125 1.7312221527099609375 1.735477447509765625 1.69805908203125 1.7857666015625 1.83182525634765625 1.91954803466796875 2.069774627685546875 2.0741634368896484375 2.1618804931640625 2.1662616729736328125 2.2123050689697265625 2.3833522796630859375 2.4710674285888671875 2.6421146392822265625 2.667324066162109375 2.6717071533203125 2.8427524566650390625
-9999 -9999 -9999 -9999 1.5488128662109375 1.552860260009765625 1.640228271484375 1.6443653106689453125 1.669384002685546875 1.75690460205078125 1.7819194793701171875 1.78607177734375 1.769390106201171875 1.69020843505859375 1.652698516845703125 1.656848907470703125 1.5776691436767578125 1.5818195343017578125 1.5651397705078125 1.569293975830078125 1.5942783355712890625 1.431766510009765625 1.3735332489013671875 1.3778171539306640625 1.3404388427734375 1.42806243896484375 1.4740142822265625 1.5616359710693359375 1.6492519378662109375 1.65350341796875 1.761920928955078125 2.0161724090576171875 2.062091827392578125 1.9830074310302734375 1.94559478759765625 1.783294677734375 1.829349517822265625 2.0004100799560546875 2.1506328582763671875 2.4883575439453125 2.5760822296142578125 2.5804729461669921875 2.62651824951171875 2.63089752197265625 2.7186126708984375 2.7229938507080078125 2.7482051849365234375 2.6692485809326171875 2.840297698974609375
-9999 -9999 -9999 -9999 -9999 1.73786163330078125 1.721065521240234375 1.7252101898193359375 1.687725067138671875 1.7752437591552734375 1.77942657470703125 1.7836132049560546875 1.7669658660888671875 1.6877880096435546875 1.671108245849609375 1.675262451171875 1.679416656494140625 1.683567047119140625 1.604389190673828125 1.6085376739501953125 1.4876918792724609375 1.3251800537109375 1.391948699951171875 1.396236419677734375 1.525524139404296875 1.6131439208984375 1.6382656097412109375 1.7258663177490234375 1.771785736083984375 1.7760372161865234375 1.92612457275390625 2.1803760528564453125 2.309627532958984375 2.2305450439453125 2.1722965240478515625 2.0099849700927734375 1.9727115631103515625 2.143768310546875 2.3148288726806640625 2.65254974365234375 2.865276336669921875 2.8696689605712890625 2.9990596771240234375 3.0034427642822265625 3.0078220367431640625 3.0122051239013671875 2.9540843963623046875 2.8751277923583984375 3.275341033935546875
-9999 -9999 -9999 -9999 -9999 -9999 1.96856689453125 1.806049346923828125 1.768566131591796875 1.6894168853759765625 1.693603515625 1.6977901458740234375 1.6811389923095703125 1.6853237152099609375 1.668674468994140625 1.6728420257568359375 1.6769924163818359375 1.681148529052734375 1.6019687652587890625 1.272785186767578125 1.151935577392578125 1.1560916900634765625 1.222866058349609375 1.64382171630859375 1.77310943603515625 1.77739715576171875 1.80248260498046875 1.7234039306640625 1.7693233489990234375 1.94023895263671875 2.09032440185546875 2.261241912841796875 2.3904972076416015625 2.561412811279296875 2.50316619873046875 2.3408451080322265625 2.303569793701171875 2.3079624176025390625 2.4790172576904296875 2.65007781982421875 2.86280059814453125 3.2005290985107421875 3.329921722412109375 3.5009765625 3.505367279052734375 3.343082427978515625 3.2849636077880859375 3.289340972900390625 3.6895923614501953125
-9999 -9999 -9999 -9999 -9999 -9999 -9999 2.0118885040283203125 1.849407196044921875 1.7702579498291015625 1.6702785491943359375 1.67446136474609375 1.6578121185302734375 1.661998748779296875 1.6661853790283203125 1.6703701019287109375 1.6745548248291015625 1.6787261962890625 1.5370464324951171875 1.207866668701171875 1.0245189666748046875 1.0286693572998046875 1.1787872314453125 1.59973907470703125 1.83318328857421875 1.837432861328125 1.8833522796630859375 1.804271697998046875 1.8710231781005859375 2.041942596435546875 2.2128620147705078125 2.38378143310546875 2.5338649749755859375 2.7047824859619140625 2.709033966064453125 2.5467052459716796875 2.509429931640625 2.513820648193359375 2.5807132720947265625 2.75177001953125 2.9228305816650390625 3.260555267333984375 3.431610107421875 3.6026706695556640625 3.7737274169921875 3.611454010009765625 3.865840911865234375 3.8702564239501953125 4.291355133056640625
-9999 -9999 -9999 -9999 -9999 -9999 -9999 -9999 2.0969142913818359375 1.8510990142822265625 1.751117706298828125 1.6719684600830078125 1.655323028564453125 1.65950775146484375 1.663692474365234375 1.6678752899169921875 1.6720600128173828125 1.67624664306640625 1.5346012115478515625 1.28878021240234375 1.10543060302734375 0.9429168701171875 1.093036651611328125 1.430633544921875 1.664051055908203125 1.8349704742431640625 1.8808879852294921875 1.968475341796875 2.03522491455078125 2.1228122711181640625 2.2937297821044921875 2.54798126220703125 2.69806671142578125 2.7023162841796875 2.706569671630859375 2.710895538330078125 2.67362213134765625 2.6780147552490234375 2.7449054718017578125 2.832630157470703125 3.003688812255859375 3.0914134979248046875 3.2624721527099609375 3.35019683837890625 3.5212535858154296875 4.108978271484375 4.3633747100830078125 4.9511241912841796875 5.37221527099609375
-9999 -9999 -9999 -9999 -9999 -9999 -9999 -9999 2.240253448486328125 1.994441986083984375 1.811126708984375 1.7319774627685546875 1.673664093017578125 1.677845001220703125 1.68202972412109375 1.68621826171875 1.7529048919677734375 1.75708770751953125 1.7404384613037109375 1.49462127685546875 1.311309814453125 1.14882659912109375 1.1530818939208984375 1.49066925048828125 1.744922637939453125 1.915836334228515625 2.086757659912109375 2.174343109130859375 2.2202606201171875 2.3078479766845703125 2.3954334259033203125 2.649684906005859375 2.737270355224609375 2.7415218353271484375 2.7457733154296875 2.750091552734375 2.754482269287109375 2.75887298583984375 2.7840976715087890625 2.871822357177734375 2.9803829193115234375 3.0681056976318359375 3.3641643524169921875 3.4518890380859375 3.9354457855224609375 4.5231761932373046875 4.9442424774169921875 5.531986236572265625 5.7030792236328125
-9999 -9999 -9999 -9999 -9999 -9999 -9999 -9999 -9999 2.075283050537109375 1.8919677734375 1.8128147125244140625 1.7545032501220703125 1.67535400390625 1.679538726806640625 1.767059326171875 1.833744049072265625 2.0045928955078125 1.9879474639892578125 1.9921321868896484375 1.808803558349609375 1.4796352386474609375 1.48390960693359375 1.65486907958984375 1.909122467041015625 2.246707916259765625 2.41762542724609375 2.505214691162109375 2.5511302947998046875 2.472049713134765625 2.5596332550048828125 2.647220611572265625 2.7348041534423828125 2.739055633544921875 2.74330902099609375 2.747615814208984375 2.7520084381103515625 2.7563991546630859375 2.78162384033203125 2.786014556884765625 2.894573211669921875 3.1489658355712890625 3.4450244903564453125 4.1994171142578125 4.682979583740234375 5.1873779296875 5.6084423065185546875 5.6128482818603515625 5.7839870452880859375
