tsunami_inondation/sample.asc
ncols        95
nrows        143
xllcorner    641244.883774926770
yllcorner    6867926.507405933924
cellsize     25.400072926284
NODATA_value -9999
[rows 63 to 83 of 143, columns 0 to 48 of 95]
-9999 -9999 -9999 -9999 -9999 -9999 -9999 -9999 -9999 -9999 -9999 -9999 -9999 -9999 -9999 -9999 -9999 -9999 -9999 -9999 -9999 -9999 -9999 -9999 -9999 -9999 -9999 -9999 -9999 -9999 -9999 -9999 -9999 -9999 -9999 -9999 -9999 -9999 0.0860385894775390625 0.3402462005615234375 0.4486255645751953125 0.70285797119140625 0.6446247100830078125 0.3988933563232421875 0.2364978790283203125 -9999 -9999 -9999 -9999
-9999 -9999 -9999 -9999 -9999 -9999 -9999 -9999 -9999 -9999 -9999 -9999 -9999 -9999 -9999 -9999 -9999 -9999 -9999 -9999 -9999 0.073944091796875 0.1615352630615234375 0.16579437255859375 0.1283855438232421875 0.1326446533203125 0.09523773193359375 0.0994968414306640625 0.0620899200439453125 -9999 -9999 -9999 -9999 -9999 -9999 -9999 -9999 0.1629161834716796875 0.33379364013671875 0.5046672821044921875 0.6130924224853515625 0.367359161376953125 0.3091297149658203125 0.3133983612060546875 0.1510009765625 -9999 -9999 -9999 -9999
-9999 -9999 -9999 -9999 -9999 -9999 -9999 -9999 -9999 -9999 -9999 -9999 -9999 -9999 -9999 -9999 -9999 -9999 -9999 0.1881351470947265625 0.254894256591796875 0.342487335205078125 0.3884105682373046875 0.3926715850830078125 0.376094818115234375 0.3803558349609375 0.301280975341796875 0.3055400848388671875 0.2056369781494140625 0.04325103759765625 -9999 -9999 -9999 -9999 -9999 -9999 0.07312774658203125 0.32733917236328125 0.4773921966552734375 0.6483306884765625 0.506763458251953125 0.2610321044921875 0.1611347198486328125 0.1654071807861328125 0.1696758270263671875 0.0072784423828125 -9999 -9999 -9999
-9999 -9999 -9999 -9999 -9999 -9999 -9999 -9999 -9999 -9999 -9999 -9999 -9999 -9999 -9999 -9999 -9999 0.364826202392578125 0.514919281005859375 0.4358425140380859375 0.50260162353515625 0.506862640380859375 0.552783966064453125 0.640380859375 0.62380218505859375 0.461399078369140625 0.3823223114013671875 0.21991729736328125 0.12001800537109375 0.040966033935546875 -9999 -9999 -9999 -9999 -9999 0.04582977294921875 0.237548828125 0.575130462646484375 0.725231170654296875 0.562835693359375 0.4212703704833984375 0.092205047607421875 -9999 0.1632442474365234375 0.167514801025390625 0.171783447265625 0.0718841552734375 0.076152801513671875 -9999
-9999 -9999 -9999 -9999 -9999 -9999 -9999 -9999 -9999 -9999 -9999 -9999 -9999 -9999 -9999 -9999 -9999 0.7166900634765625 0.741794586181640625 0.6627197265625 0.6461429595947265625 0.650402069091796875 0.675495147705078125 0.763088226318359375 0.7256793975830078125 0.56327056884765625 0.4216976165771484375 0.2592906951904296875 0.117733001708984375 0.0386829376220703125 -9999 -9999 -9999 -9999 -9999 0.1268825531005859375 0.256198883056640625 0.59380340576171875 0.68140411376953125 0.51900482177734375 0.4816074371337890625 0.1525421142578125 0.2193164825439453125 0.39025115966796875 0.4570178985595703125 0.4612865447998046875 0.4030551910400390625 0.4073276519775390625 0.286594390869140625
-9999 -9999 -9999 -9999 -9999 -9999 -9999 -9999 -9999 -9999 -9999 -9999 -9999 -9999 -9999 -9999 -9999 -9999 0.7394886016845703125 0.743755340576171875 0.7271862030029296875 0.7314453125 0.75653839111328125 0.7607975006103515625 0.723388671875 0.644313812255859375 0.50273895263671875 0.3403339385986328125 0.1987819671630859375 0.03639984130859375 -9999 0.0657978057861328125 0.0700817108154296875 0.07436370849609375 0.1203136444091796875 0.1245975494384765625 0.2538814544677734375 0.258251190185546875 0.34590911865234375 0.516841888427734375 0.4794464111328125 0.65038299560546875 0.71715545654296875 0.971424102783203125 1.0381908416748046875 0.87579345703125 0.817562103271484375 0.738498687744140625 0.6177692413330078125
-9999 -9999 -9999 -9999 -9999 -9999 -9999 -9999 -9999 -9999 -9999 -9999 -9999 -9999 -9999 -9999 -9999 -9999 0.8413448333740234375 0.8456134796142578125 0.8707141876220703125 0.8749847412109375 0.8792476654052734375 0.8835048675537109375 0.8044300079345703125 0.7253570556640625 0.5837802886962890625 0.421382904052734375 0.3215007781982421875 0.159114837646484375 0.184230804443359375 0.2718486785888671875 0.296962738037109375 0.30124664306640625 0.26386260986328125 0.268146514892578125 0.2932605743408203125 0.297576904296875 0.3852996826171875 0.5563488006591796875 0.643951416015625 0.81488800048828125 0.964992523193359375 1.2192592620849609375 1.30686187744140625 1.1444644927978515625 1.107067108154296875 1.0280017852783203125 0.99060821533203125
-9999 -9999 -9999 -9999 -9999 -9999 -9999 -9999 -9999 -9999 -9999 -9999 -9999 -9999 -9999 -9999 -9999 -9999 -9999 1.0099697113037109375 1.0350704193115234375 1.1226749420166015625 1.1269435882568359375 1.04787445068359375 0.9688053131103515625 0.8063983917236328125 0.6648235321044921875 0.5024318695068359375 0.40254974365234375 0.4901638031005859375 0.515277862548828125 0.60289764404296875 0.62801361083984375 0.548961639404296875 0.511577606201171875 0.4325275421142578125 0.4576435089111328125 0.6285953521728515625 0.7162933349609375 0.7206859588623046875 0.8084125518798828125 0.8127269744873046875 0.9628314971923828125 1.1337642669677734375 1.22136688232421875 1.3089694976806640625 1.271572113037109375 1.27584075927734375 1.238445281982421875
-9999 -9999 -9999 -9999 -9999 -9999 -9999 -9999 -9999 -9999 -9999 -9999 -9999 -9999 -9999 -9999 -9999 1.1449565887451171875 1.128391265869140625 1.132659912109375 1.1785945892333984375 1.2661991119384765625 1.228801727294921875 1.1497364044189453125 1.0081729888916015625 0.84577178955078125 0.7458648681640625 0.5834808349609375 0.5669307708740234375 0.654544830322265625 0.6588287353515625 0.7464466094970703125 0.6673946380615234375 0.588344573974609375 0.5509624481201171875 0.4719104766845703125 0.5803585052490234375 0.751308441162109375 0.92227935791015625 0.92667388916015625 1.0144023895263671875 1.0187969207763671875 1.0648365020751953125 1.23577117919921875 1.26087188720703125 1.3484745025634765625 1.3735790252685546875 1.3778476715087890625 1.465450286865234375
-9999 -9999 -9999 -9999 -9999 -9999 -9999 -9999 -9999 -9999 -9999 -9999 -9999 -9999 -9999 -9999 -9999 1.225982666015625 1.2094173431396484375 1.2136859893798828125 1.25962066650390625 1.3472232818603515625 1.309825897216796875 1.0640926361083984375 0.922527313232421875 0.843463897705078125 0.74356842041015625 0.747859954833984375 0.731311798095703125 0.735595703125 0.7398777008056640625 0.577495574951171875 0.498443603515625 0.336063385009765625 0.2986774444580078125 0.4696254730224609375 0.578075408935546875 0.7490253448486328125 0.9199733734130859375 1.25766754150390625 1.3453922271728515625 1.34978485107421875 1.3958454132080078125 1.4002399444580078125 1.4253787994384765625 1.2629852294921875 1.2880840301513671875 1.459018707275390625 1.54662322998046875
-9999 -9999 -9999 -9999 -9999 -9999 -9999 -9999 -9999 -9999 -9999 -9999 -9999 -9999 -9999 -9999 -9999 -9999 1.1654415130615234375 1.1697101593017578125 1.1948108673095703125 1.282413482666015625 1.2033481597900390625 0.9576168060302734375 0.8160533905029296875 0.736988067626953125 0.7412662506103515625 0.745555877685546875 0.79151153564453125 0.7958011627197265625 0.6959228515625 0.5335445404052734375 0.3711605072021484375 0.2087764739990234375 0.2755603790283203125 0.4465122222900390625 0.6382904052734375 0.8092403411865234375 1.0218563079833984375 1.3594875335693359375 1.5305500030517578125 1.534942626953125 1.560169219970703125 1.5645599365234375 1.548122406005859375 1.385822296142578125 1.4109210968017578125 1.581859588623046875 1.669460296630859375
-9999 -9999 -9999 -9999 -9999 -9999 -9999 -9999 -9999 -9999 -9999 -9999 -9999 -9999 -9999 -9999 -9999 1.0130290985107421875 0.9964656829833984375 1.0007343292236328125 1.0258331298828125 1.030101776123046875 0.95104217529296875 0.78864288330078125 0.6470775604248046875 0.5680103302001953125 0.572299957275390625 0.743251800537109375 0.789211273193359375 0.793498992919921875 0.6936206817626953125 0.447910308837890625 0.285533905029296875 0.2064876556396484375 0.2732753753662109375 0.61089324951171875 0.80267333984375 0.890289306640625 1.1029052734375 1.3571872711181640625 1.5282077789306640625 1.615932464599609375 1.6411609649658203125 1.6455554962158203125 1.62911224365234375 1.7168426513671875 1.7420654296875 1.746364593505859375 1.833965301513671875
-9999 -9999 -9999 -9999 -9999 -9999 -9999 -9999 -9999 -9999 -9999 -9999 -9999 -9999 -9999 -9999 -9999 -9999 0.9524898529052734375 0.956760406494140625 0.981861114501953125 0.9861316680908203125 0.88623046875 0.7238330841064453125 0.6239337921142578125 0.5448741912841796875 0.569995880126953125 0.7409496307373046875 0.786907196044921875 0.791194915771484375 0.7329845428466796875 0.487274169921875 0.4082317352294921875 0.3291873931884765625 0.395977020263671875 0.733600616455078125 0.842052459716796875 0.9296722412109375 1.0172901153564453125 1.2715702056884765625 1.38002777099609375 1.4677562713623046875 1.597148895263671875 1.601543426513671875 1.7309360504150390625 1.81866455078125 1.843891143798828125 1.8482837677001953125 1.8109722137451171875
-9999 -9999 -9999 -9999 -9999 -9999 -9999 -9999 -9999 -9999 -9999 -9999 -9999 -9999 -9999 -9999 -9999 -9999 0.9501800537109375 1.12111663818359375 1.14621734619140625 1.0671539306640625 0.967254638671875 0.804859161376953125 0.704959869384765625 0.70923614501953125 0.7343578338623046875 0.7386474609375 0.7846050262451171875 0.7888946533203125 0.730682373046875 0.7349720001220703125 0.6559295654296875 0.6602191925048828125 0.727008819580078125 0.731296539306640625 0.8397502899169921875 0.8440380096435546875 0.9316616058349609375 0.93595123291015625 1.044403076171875 1.132080078125 1.261474609375 1.5991992950439453125 1.7285938262939453125 1.8163204193115234375 1.841548919677734375 1.7626056671142578125 1.72533416748046875
-9999 -9999 -9999 -9999 -9999 -9999 -9999 -9999 -9999 -9999 -9999 -9999 -9999 -9999 -9999 -9999 -9999 -9999 1.010372161865234375 1.1813068389892578125 1.185577392578125 1.106510162353515625 0.964946746826171875 0.8025493621826171875 0.7651500701904296875 0.7694339752197265625 0.773723602294921875 0.7780132293701171875 0.7823028564453125 0.786590576171875 0.7908782958984375 0.795169830322265625 0.799457550048828125 0.8037471771240234375 0.80803680419921875 0.8123264312744140625 0.816616058349609375 0.8209056854248046875 0.8251934051513671875 0.8294830322265625 0.8545970916748046875 0.9422359466552734375 1.1132984161376953125 1.4510211944580078125 1.66374969482421875 1.7514781951904296875 1.818370819091796875 1.7394313812255859375 1.7021579742431640625
-9999 -9999 -9999 -9999 -9999 -9999 -9999 -9999 -9999 -9999 -9999 -9999 -9999 -9999 -9999 -9999 -9999 -9999 1.00806427001953125 1.262332916259765625 1.2666034698486328125 0.93753814697265625 0.7959747314453125 0.8002414703369140625 0.76284027099609375 0.7671298980712890625 0.771419525146484375 0.7757091522216796875 0.779998779296875 0.7842884063720703125 0.788578033447265625 0.792865753173828125 0.7971553802490234375 0.80144500732421875 0.8057346343994140625 0.810024261474609375 0.8143138885498046875 0.818603515625 0.8228816986083984375 0.82714080810546875 0.852230072021484375 0.85657501220703125 1.027618408203125 1.2820148468017578125 1.4947414398193359375 1.665802001953125 1.732692718505859375 1.8204212188720703125 1.78314971923828125
-9999 -9999 -9999 -9999 -9999 -9999 -9999 -9999 -9999 -9999 -9999 -9999 -9999 -9999 -9999 -9999 -9999 -9999 -9999 1.2391910552978515625 1.20178985595703125 0.8727245330810546875 0.7728290557861328125 0.777095794677734375 0.73970794677734375 0.7439937591552734375 0.74828338623046875 0.752574920654296875 0.7776966094970703125 0.781986236572265625 0.7862758636474609375 0.79056549072265625 0.79485321044921875 0.79914093017578125 0.8034305572509765625 0.807720184326171875 0.8120021820068359375 0.816257476806640625 0.8413486480712890625 0.845607757568359375 0.8915576934814453125 0.8959178924560546875 0.9836139678955078125 1.238002777099609375 1.34656524658203125 1.5176239013671875 1.6053524017333984375 1.6930789947509765625 1.6974735260009765625
-9999 -9999 -9999 -9999 -9999 -9999 -9999 -9999 -9999 -9999 -9999 -9999 -9999 -9999 -9999 -9999 -9999 -9999 -9999 0.986881256103515625 0.949481964111328125 0.9537506103515625 0.853855133056640625 0.77478790283203125 0.73740386962890625 0.658359527587890625 0.6626453399658203125 0.750270843505859375 0.7753925323486328125 0.779682159423828125 0.7839717864990234375 0.78826141357421875 0.79254913330078125 0.796840667724609375 0.801120758056640625 0.805377960205078125 0.809635162353515625 0.813892364501953125 0.83898162841796875 0.92657470703125 0.972564697265625 1.060260772705078125 1.147953033447265625 1.1523265838623046875 1.2608890533447265625 1.2652835845947265625 1.3530063629150390625 1.44073486328125 1.4451274871826171875
-9999 -9999 -9999 -9999 -9999 -9999 -9999 -9999 -9999 -9999 -9999 -9999 -9999 -9999 -9999 -9999 -9999 -9999 -9999 1.067905426025390625 0.9680080413818359375 0.9722766876220703125 0.872379302978515625 0.7933139801025390625 0.73509979248046875 0.6560573577880859375 0.6603450775146484375 0.7479686737060546875 0.773090362548828125 0.7773799896240234375 0.78166961669921875 0.7859592437744140625 0.7902393341064453125 0.7944965362548828125 0.7987537384033203125 0.8030109405517578125 0.8072681427001953125 0.8115253448486328125 0.8366146087646484375 0.9242115020751953125 0.9494075775146484375 1.0370998382568359375 1.0206279754638671875 1.0249881744384765625 1.091876983642578125 1.096271514892578125 1.2881641387939453125 1.37589263916015625 1.4219512939453125
-9999 -9999 -9999 -9999 -9999 -9999 -9999 -9999 -9999 -9999 -9999 -9999 -9999 -9999 -9999 -9999 -9999 -9999 -9999 1.3156585693359375 1.2157001495361328125 0.969966888427734375 0.8700695037841796875 0.79100799560546875 0.732799530029296875 0.737087249755859375 0.7413787841796875 0.74566650390625 0.7707881927490234375 0.77507781982421875 0.77935791015625 0.7836151123046875 0.787872314453125 0.7921295166015625 0.79638671875 0.8006439208984375 0.804901123046875 0.8091583251953125 0.834247589111328125 0.838550567626953125 0.8637485504150390625 0.7847728729248046875 0.76830291748046875 0.689327239990234375 0.75620269775390625 1.0939273834228515625 1.2858219146728515625 1.6235485076904296875 1.66960906982421875
-9999 -9999 -9999 -9999 -9999 -9999 -9999 -9999 -9999 -9999 -9999 -9999 -9999 -9999 -9999 -9999 -9999 -9999 -9999 -9999 1.296722412109375 1.050991058349609375 0.888591766357421875 0.809539794921875 0.7513275146484375 0.7556171417236328125 0.759906768798828125 0.764194488525390625 0.7268085479736328125 0.731067657470703125 0.69365692138671875 0.69791412353515625 0.7438411712646484375 0.7480945587158203125 0.7940196990966796875 0.7982769012451171875 0.8025341033935546875 0.806793212890625 0.7902164459228515625 0.794559478759765625 0.69475555419921875 0.61578369140625 0.5159759521484375 0.43700408935546875 0.628864288330078125 0.966583251953125 1.345977783203125 1.6837062835693359375 1.7922649383544921875
