tsunami_inondation/sample.asc
ncols        95
nrows        143
xllcorner    641244.883774926770
yllcorner    6867926.507405933924
cellsize     25.400072926284
NODATA_value -9999
[rows 105 to 125 of 143, columns 0 to 48 of 95]
-9999 -9999 -9999 -9999 -9999 -9999 -9999 -9999 -9999 2.2394542694091796875 2.0978069305419921875 2.018657684326171875 1.960346221923828125 1.8811969757080078125 1.822879791259765625 1.910396575927734375 1.914585113525390625 2.0854358673095703125 2.0896167755126953125 2.093780517578125 1.9729404449462890625 1.643779754638671875 1.6480388641357421875 1.818988800048828125 2.073284149169921875 2.4109096527099609375 2.6026630401611328125 2.6902484893798828125 2.694499969482421875 2.6154193878173828125 2.6196727752685546875 2.707256317138671875 2.732341766357421875 2.7365932464599609375 2.7408447265625 2.745143890380859375 2.791202545166015625 2.7955913543701171875 2.9249820709228515625 2.9293766021728515625 3.18376922607421875 3.4381580352783203125 3.9217205047607421875 4.676116943359375 5.1388454437255859375 5.643245697021484375 5.793453216552734375 5.797931671142578125 5.80240631103515625
-9999 -9999 -9999 -9999 -9999 -9999 -9999 -9999 -9999 -9999 2.42864990234375 2.349498748779296875 2.2911834716796875 2.295368194580078125 2.23705291748046875 1.9912395477294921875 1.995426177978515625 1.9995975494384765625 2.003753662109375 1.841251373291015625 1.720409393310546875 1.72458648681640625 1.7288494110107421875 1.89977264404296875 2.154064178466796875 2.49169921875 2.6834964752197265625 2.687786102294921875 2.692035675048828125 2.6962890625 2.7005405426025390625 2.704792022705078125 2.7298755645751953125 2.734127044677734375 2.73838043212890625 2.74266815185546875 2.788730621337890625 2.9597835540771484375 3.089176177978515625 3.42690277099609375 3.681293487548828125 4.102352142333984375 4.585918426513671875 5.0903167724609375 5.5530242919921875 5.6407318115234375 5.7910404205322265625 5.7955188751220703125 -9999
-9999 -9999 -9999 -9999 -9999 -9999 -9999 -9999 -9999 -9999 2.634487152099609375 2.5553379058837890625 2.51786041259765625 2.522045135498046875 2.4012298583984375 2.155414581298828125 1.992908477783203125 1.997066497802734375 1.8762264251708984375 1.7137203216552734375 1.6553783416748046875 1.6595611572265625 1.74715423583984375 1.9180850982666015625 2.15151214599609375 2.4891452789306640625 2.5976085662841796875 2.6019077301025390625 2.5645389556884765625 2.56882476806640625 2.65641021728515625 2.6606597900390625 2.727413177490234375 2.7316646575927734375 2.715084075927734375 2.7193622589111328125 2.8487529754638671875 3.019809722900390625 3.48253631591796875 3.820262908935546875 4.30382537841796875 4.7248897552490234375 5.020931243896484375 5.5252857208251953125 5.6755084991455078125 5.7633209228515625 5.78862762451171875 -9999 -9999
-9999 -9999 -9999 -9999 -9999 -9999 -9999 -9999 -9999 -9999 -9999 2.636180877685546875 2.5986995697021484375 2.6028842926025390625 2.4820575714111328125 2.2362194061279296875 2.073711395263671875 1.9112033843994140625 1.79036712646484375 1.62786102294921875 1.569515228271484375 1.65703582763671875 1.7446308135986328125 1.8322238922119140625 2.065654754638671875 2.403263092041015625 2.5117244720458984375 2.266021728515625 2.2286529541015625 2.3162841796875 2.4039154052734375 2.65819549560546875 2.7249469757080078125 2.729198455810546875 2.712619781494140625 2.63355255126953125 2.76294708251953125 3.1840057373046875 3.646728515625 4.5677947998046875 5.0513401031494140625 5.3056926727294921875 5.6017131805419921875 5.606121063232421875 5.75643157958984375 5.7609081268310546875 -9999 -9999 -9999
-9999 -9999 -9999 -9999 -9999 -9999 -9999 -9999 -9999 -9999 -9999 -9999 2.450374603271484375 2.45453643798828125 2.5211963653564453125 2.275356292724609375 2.154514312744140625 1.992008209228515625 1.78783416748046875 1.6253299713134765625 1.6294879913330078125 1.717010498046875 1.86710357666015625 1.9546985626220703125 2.083957672119140625 2.421558380126953125 2.4466724395751953125 2.200969696044921875 2.20526885986328125 2.29290008544921875 2.401363372802734375 2.6556606292724609375 2.7224597930908203125 2.726734161376953125 2.835155487060546875 2.75608062744140625 3.1771373748779296875 3.5981998443603515625 4.1859130859375 5.1069316864013671875 5.44461822509765625 5.698970794677734375 5.765895843505859375 5.770374298095703125 5.7748508453369140625 -9999 -9999 -9999 -9999
-9999 -9999 -9999 -9999 -9999 -9999 -9999 -9999 -9999 -9999 -9999 -9999 1.947845458984375 2.2020053863525390625 2.2686672210693359375 2.5228271484375 2.40198516845703125 2.072811126708984375 1.8686370849609375 1.7061328887939453125 1.710292816162109375 1.96448516845703125 2.1145782470703125 2.2855052947998046875 2.414768218994140625 2.335693359375 2.3607940673828125 2.44841766357421875 2.452716827392578125 2.5403461456298828125 2.64881134033203125 2.6531085968017578125 2.7199077606201171875 2.72420501708984375 2.832668304443359375 3.336940765380859375 3.757984161376953125 4.595672607421875 5.18335723876953125 5.35437774658203125 5.692066192626953125 5.6965084075927734375 5.763484954833984375 5.767963409423828125 5.77243804931640625 -9999 -9999 -9999 -9999
-9999 -9999 -9999 -9999 -9999 -9999 -9999 -9999 -9999 -9999 -9999 -9999 -9999 2.074474334716796875 2.2869701385498046875 2.54113006591796875 2.524456024169921875 2.195285797119140625 1.949443817138671875 1.78693389892578125 1.728595733642578125 1.982791900634765625 2.1328868865966796875 2.303813934326171875 2.45391082763671875 2.37483978271484375 2.4624309539794921875 2.5500316619873046875 2.5959987640380859375 2.6836299896240234375 2.708759307861328125 2.7130584716796875 2.8215236663818359375 2.8258190155029296875 3.2467823028564453125 3.751079559326171875 4.3595981597900390625 5.1972866058349609375 5.5349712371826171875 5.705989837646484375 5.752117156982421875 5.756595611572265625 5.7610721588134765625 5.7655506134033203125 -9999 -9999 -9999 -9999 -9999
-9999 -9999 -9999 -9999 -9999 -9999 -9999 -9999 -9999 -9999 -9999 -9999 -9999 2.1552791595458984375 2.36777496337890625 2.5385990142822265625 2.5219268798828125 2.3594226837158203125 2.11357879638671875 1.7844085693359375 1.72606658935546875 1.730266571044921875 1.8803615570068359375 2.0512905120849609375 2.201385498046875 2.5389804840087890625 2.6265735626220703125 2.6308345794677734375 2.67678070068359375 2.6810779571533203125 2.706207275390625 2.710506439208984375 2.8189697265625 3.239917755126953125 3.660858154296875 4.415191650390625 5.0237102508544921875 5.36139678955078125 5.699085235595703125 5.70355224609375 5.7496852874755859375 5.7541656494140625 5.75864410400390625 -9999 -9999 -9999 -9999 -9999 -9999
-9999 -9999 -9999 -9999 -9999 -9999 -9999 -9999 -9999 -9999 -9999 -9999 -9999 -9999 2.3652439117431640625 2.536067962646484375 2.6235637664794921875 2.4610576629638671875 2.3193836212158203125 1.9902133941650390625 1.848537445068359375 1.852741241455078125 1.8778362274169921875 2.0487651824951171875 2.2613582611083984375 2.5989513397216796875 2.749050140380859375 2.7533111572265625 2.799236297607421875 2.803524017333984375 3.016155242919921875 3.020450592041015625 3.3997249603271484375 3.8206634521484375 4.262454986572265625 5.0168056488037109375 5.3128261566162109375 5.6505279541015625 5.7383270263671875 5.742794036865234375 5.7472591400146484375 5.7517337799072265625 -9999 -9999 -9999 -9999 -9999 -9999 -9999
-9999 -9999 -9999 -9999 -9999 -9999 -9999 -9999 -9999 -9999 -9999 -9999 -9999 -9999 2.27938079833984375 2.533538818359375 2.6210346221923828125 2.708526611328125 2.5668544769287109375 2.4043483734130859375 2.2626743316650390625 2.1835479736328125 2.208644866943359375 2.2129039764404296875 2.42549896240234375 2.76309967041015625 2.9131870269775390625 2.8341159820556640625 2.880046844482421875 3.134307861328125 3.3469219207763671875 3.934528350830078125 4.313800811767578125 4.8180713653564453125 5.2599010467529296875 5.34758758544921875 5.643634796142578125 5.6480865478515625 5.73589324951171875 5.74036407470703125 5.74483489990234375 5.749301910400390625 -9999 -9999 -9999 -9999 -9999 -9999 -9999
-9999 -9999 -9999 -9999 -9999 -9999 -9999 -9999 -9999 -9999 -9999 -9999 -9999 -9999 -9999 2.53101348876953125 2.6601715087890625 2.7476634979248046875 2.7101612091064453125 2.5476512908935546875 2.4893131256103515625 2.4101924896240234375 2.4561176300048828125 2.4603824615478515625 2.7354736328125 3.0730686187744140625 3.3898334503173828125 3.3107585906982421875 3.54418182373046875 3.7984180450439453125 4.094329833984375 4.681934356689453125 4.9570407867431640625 5.46132659912109375 5.590679168701171875 5.6784076690673828125 5.7036914825439453125 5.708148956298828125 5.733455657958984375 5.7379302978515625 5.742404937744140625 -9999 -9999 -9999 -9999 -9999 -9999 -9999 -9999
-9999 -9999 -9999 -9999 -9999 -9999 -9999 -9999 -9999 -9999 -9999 -9999 -9999 -9999 -9999 2.5284824371337890625 2.657642364501953125 2.661800384521484375 2.624298095703125 2.5451202392578125 2.4867801666259765625 2.57433319091796875 2.6202602386474609375 2.791187286376953125 3.0662822723388671875 3.6538791656494140625 3.970638275146484375 4.3915462493896484375 4.624950408935546875 4.9625186920166015625 5.2584228515625 5.262676239013671875 5.5377826690673828125 5.5421085357666015625 5.67151641845703125 5.592632293701171875 5.617916107177734375 5.70571136474609375 5.7310199737548828125 5.73549652099609375 -9999 -9999 -9999 -9999 -9999 -9999 -9999 -9999 -9999
-9999 -9999 -9999 -9999 -9999 -9999 -9999 -9999 -9999 -9999 -9999 -9999 -9999 -9999 -9999 -9999 2.6342792510986328125 2.638439178466796875 2.621768951416015625 2.5425930023193359375 2.588420867919921875 2.6759738922119140625 2.9927349090576171875 3.1636638641357421875 3.6679229736328125 4.2555103302001953125 4.6347484588623046875 5.0556507110595703125 5.2682209014892578125 5.6057891845703125 5.693359375 5.69759368896484375 5.681034088134765625 5.6854534149169921875 5.6482410430908203125 5.56935882568359375 5.5946407318115234375 5.6824436187744140625 5.72858428955078125 -9999 -9999 -9999 -9999 -9999 -9999 -9999 -9999 -9999 -9999
-9999 -9999 -9999 -9999 -9999 -9999 -9999 -9999 -9999 -9999 -9999 -9999 -9999 -9999 2.581684112548828125 2.585880279541015625 2.631744384765625 2.6359100341796875 2.61923980712890625 2.6233978271484375 2.6692256927490234375 2.8401165008544921875 3.1568756103515625 3.9944705963134765625 4.49871063232421875 4.919612884521484375 5.29885101318359375 5.3864192962646484375 5.5989894866943359375 5.6032257080078125 5.690792083740234375 5.695037841796875 5.678562164306640625 5.59967803955078125 5.562465667724609375 5.56691741943359375 5.5921993255615234375 5.6800079345703125 -9999 -9999 -9999 -9999 -9999 -9999 -9999 -9999 -9999 -9999 -9999
-9999 -9999 -9999 -9999 -9999 -9999 -9999 -9999 -9999 -9999 -9999 -9999 -9999 2.3665447235107421875 2.537410736083984375 2.54160308837890625 2.6291332244873046875 2.6333293914794921875 2.8250274658203125 2.82920074462890625 3.2083644866943359375 3.3792572021484375 3.841838836669921875 4.6794109344482421875 5.0169811248779296875 5.4378795623779296875 5.4837799072265625 5.5713443756103515625 5.2005767822265625 5.20481109619140625 4.938304901123046875 4.94264984130859375 5.280330657958984375 5.201404571533203125 5.539188385009765625 5.54364013671875 5.5689296722412109375 5.65673828125 -9999 -9999 -9999 -9999 -9999 -9999 -9999 -9999 -9999 -9999 -9999
-9999 -9999 -9999 -9999 -9999 -9999 -9999 -9999 -9999 -9999 -9999 1.793041229248046875 1.9430694580078125 2.113933563232421875 2.28479766845703125 2.455657958984375 2.5431880950927734375 2.71405029296875 2.9057483673095703125 3.49327850341796875 3.87247467041015625 4.62670135498046875 5.089267730712890625 5.1768321990966796875 5.51439666748046875 5.5186309814453125 5.5645275115966796875 5.2354278564453125 4.864727020263671875 3.6190738677978515625 3.3525848388671875 3.5235958099365234375 3.86127471923828125 5.1156291961669921875 5.4534149169921875 5.6245326995849609375 5.649829864501953125 -9999 -9999 -9999 -9999 -9999 -9999 -9999 -9999 -9999 -9999 -9999 -9999
-9999 -9999 -9999 -9999 -9999 -9999 -9999 -9999 -9999 1.7820415496826171875 1.8904018402099609375 1.8112621307373046875 1.794628143310546875 1.965488433837890625 2.1988525390625 2.369716644287109375 2.8947467803955078125 3.0656108856201171875 3.5906391143798828125 4.1781673431396484375 4.5782184600830078125 5.3324489593505859375 5.2950153350830078125 5.3825836181640625 4.636814117431640625 4.64104461669921875 3.7703151702880859375 3.4413299560546875 3.0498447418212890625 1.8041858673095703125 2.4751987457275390625 2.646209716796875 3.775554656982421875 5.0299015045166015625 5.3884735107421875 5.5595912933349609375 -9999 -9999 -9999 -9999 -9999 -9999 -9999 -9999 -9999 -9999 -9999 -9999 -9999
-9999 -9999 -9999 -9999 -9999 -9999 -9999 -9999 1.3585758209228515625 1.7794322967529296875 1.88779449462890625 1.808650970458984375 1.7920169830322265625 1.712879180908203125 1.9462413787841796875 2.61710357666015625 3.1421356201171875 4.2296657562255859375 4.7546901702880859375 5.00890350341796875 5.408966064453125 5.4131984710693359375 5.375766754150390625 4.37999725341796875 3.6342315673828125 1.555145263671875 0.68447113037109375 -9999 -9999 0.301792144775390625 0.972812652587890625 3.64382171630859375 4.773166656494140625 5.1941814422607421875 5.5526981353759765625 -9999 -9999 -9999 -9999 -9999 -9999 -9999 -9999 -9999 -9999 -9999 -9999 -9999 -9999
-9999 -9999 -9999 -9999 -9999 -9999 0.430912017822265625 1.0184383392333984375 1.10596466064453125 1.5268230438232421875 1.82268524169921875 1.7435436248779296875 1.8727359771728515625 1.79360198974609375 2.3186321258544921875 2.98949432373046875 3.8061885833740234375 4.893718719482421875 5.314586639404296875 5.5688152313232421875 5.46887969970703125 5.4731159210205078125 4.4981784820556640625 3.5024280548095703125 1.7775115966796875 -9999 -9999 -9999 -9999 -9999 1.407794952392578125 4.0788421630859375 5.083225250244140625 5.504276275634765625 -9999 -9999 -9999 -9999 -9999 -9999 -9999 -9999 -9999 -9999 -9999 -9999 -9999 -9999 -9999
-9999 -9999 -9999 -9999 -9999 2.0283412933349609375 1.76163482666015625 0.599163055419921875 0.6866912841796875 1.1908817291259765625 1.4867401123046875 1.824268341064453125 1.953460693359375 2.2909908294677734375 2.8160190582275390625 3.9868793487548828125 4.8035736083984375 5.1411037445068359375 5.562000274658203125 5.566234588623046875 5.466297149658203125 4.803874969482421875 3.828960418701171875 1.583209991455078125 -9999 -9999 -9999 -9999 -9999 1.44252777099609375 3.3219127655029296875 4.4096317291259765625 5.4140148162841796875 -9999 -9999 -9999 -9999 -9999 -9999 -9999 -9999 -9999 -9999 -9999 -9999 -9999 -9999 -9999 -9999
-9999 -9999 -9999 2.5175533294677734375 2.709140777587890625 2.713230133056640625 2.3631954193115234375 1.2007198333740234375 0.5799121856689453125 1.0841045379638671875 1.1091327667236328125 1.446659088134765625 2.2841854095458984375 2.62171173095703125 3.5425739288330078125 4.7134342193603515625 5.175960540771484375 5.5135173797607421875 5.3719158172607421875 5.376155853271484375 4.4845714569091796875 3.8221588134765625 2.4305744171142578125 0.184825897216796875 -9999 -9999 -9999 -9999 0.3522663116455078125 3.0233173370361328125 4.15270233154296875 5.2404193878173828125 -9999 -9999 -9999 -9999 -9999 -9999 -9999 -9999 -9999 -9999 -9999 -9999 -9999 -9999 -9999 -9999 -9999
